15,354
15,353
0,435
0,429
0,419
0,364
0,361
0,359
0,346
0,342
0,340
0,335
0,332
0,331
15,742
15,542
15,299
15,1097
16,84
16,341
16,344
16,352
16,32
16,23
16,350
16,12
16,9
16,333
10,38
10,48
10,43
10,49
10,44
10,40
10,37
10,25
10,22
10,23
10,36
10,4
9,4
7,4
7,1
7,3
7,0
8,5
8,4
6,5
15,14
15,1
15,44
15,4
15,3
15,0
10,1
10,41
9,5
10,3
10,0
9,1
9,3
9,0
8,1
8,3
8,0
16,133
16,128
16,25
16,132
16,5
16,1
16,8
16,3
16,0
19,4
19,1
19,3
19,0
2,8
31,1
31,3
31,0
17,4
17,1
17,3
0,353
17,0
6,4
6,1
6,3
6,0
5,4
2,7
5,1
5,3
5,0
14,4
14,113
14,35
14,81
14,80
14,78
14,77
14,74
14,73
14,70
14,68
14,65
14,64
14,1
14,5
2,4
14,3
14,0
2,1
2,6
2,3
2,0
1,1
1,3
1,0
4,1
4,3
4,0
0,310
0,305
0,308
0,304
0,303
0,302
0,307
0,12
0,352
0,10
0,8
0,0
0,402
0,300
0,369
0,299
0,313
0,298
0,376
0,297
0,398
0,296
0,360
0,295
0,407
0,294
0,370
0,293
0,434
0,292
0,356
0,291
0,377
0,290
0,385
0,289
0,404
0,288
0,327
0,287
0,329
0,286
0,446
0,285
0,384
0,284
0,433
0,283
0,443
0,282
0,399
0,281
0,442
0,280
0,351
0,279
0,339
0,278
0,423
0,277
0,394
0,276
0,350
15,1069
15,1099
16,49
15,5
15,660
15,692
15,215
15,681
15,667
15,649
15,209
16,331
16,355
16,368
16,327
16,64
15,869
15,870
15,331
15,724
15,872
15,877
15,727
10,6
10,11
10,13
10,14
10,18
10,26
15,1098
15,1100
7,5
16,30
16,61
16,10
16,17
16,6
16,63
16,55
16,57
16,104
15,774
10,27
15,726
15,780
16,4
16,13
16,59
16,26
16,22
16,53
16,31
16,52
15,1075
10,46
16,67
16,72
16,74
16,75
16,101
16,105
16,198
16,68
16,69
16,71
16,79
16,81
16,86
16,87
16,89
16,91
16,94
16,107
16,108
16,111
16,113
16,116
10,45
10,17
10,35
10,33
10,50
15,730
15,729
15,731
15,733
15,736
15,737
15,738
15,745
15,741
15,744
15,756
15,748
15,749
15,750
15,751
15,753
15,767
15,766
15,512
15,514
15,515
15,524
15,519
15,521
15,878
15,879
15,893
15,894
15,770
15,771
15,773
15,777
15,783
15,786
15,826
15,828
15,576
15,579
15,584
15,630
15,634
15,330
15,785
15,883
15,789
15,815
15,327
15,820
16,121
15,822
15,846
15,348
15,1061
15,1066
15,582
16,131
15,347
16,96
16,97
16,200
16,98
16,99
16,120
16,192
16,195
16,197
10,51
15,758
15,757
15,764
15,760
15,762
15,523
15,522
15,530
15,527
15,529
15,536
15,535
15,788
15,791
15,793
15,794
15,797
15,799
15,801
15,803
15,806
15,808
15,811
15,812
15,814
15,817
15,585
15,589
15,592
15,595
15,597
15,599
15,600
15,603
15,637
15,638
15,320
15,321
15,871
15,876
15,881
15,887
15,892
15,1025
15,1030
15,1040
15,1045
15,1056
15,587
15,590
15,629
16,362
16,380
16,335
16,336
15,819
15,823
15,604
15,607
15,621
15,627
15,1050
15,625
15,242
15,673
15,642
15,202
0,408
0,243
13,0
13,3
33,0
33,3
34,0
18,0
18,3
20,0
20,3
30,0
30,1
29,0
29,1
28,0
28,1
26,0
26,1
27,3
27,1
25,3
25,1
24,3
23,0
23,3
15,16
15,26
15,37
15,47
15,57
15,69
15,128
15,134
15,139
15,145
15,151
15,156
15,162
15,167
15,171
15,173
15,179
15,184
15,185
15,322
15,323
15,328
15,333
15,334
15,344
15,345
15,350
15,357
15,361
15,367
15,371
15,377
15,382
15,448
15,457
12,5
16,7
16,147
16,144
16,145
16,340
16,342
16,345
16,346
16,348
16,351
16,353
16,356
16,357
16,359
16,363
16,364
16,366
16,367
16,370
16,371
16,373
16,375
16,377
16,379
16,381
16,325
16,328
16,334
16,383
16,322
15,608
15,610
15,612
15,614
15,615
15,619
15,620
15,624
15,635
15,1070
12,4
16,58
15,632
15,622
15,618
15,613
15,609
15,532
16,338
16,326
16,323
16,378
16,376
16,372
16,369
16,365
16,360
16,358
16,354
16,349
16,347
16,343
16,146
16,143
16,36
12,9
15,452
15,383
15,372
15,366
15,355
15,349
15,339
15,329
15,324
15,189
15,180
15,178
15,168
15,161
15,150
15,144
15,133
15,60
15,49
15,27
23,1
24,1
24,0
25,0
27,0
26,3
28,3
29,3
30,3
20,1
18,1
34,3
33,1
13,1
12,1
12,3
12,0
11,1
11,3
11,0
15,810
15,2
0,322
15,222
15,666
15,243
15,1055
15,623
15,605
15,824
15,818
16,330
16,361
15,594
15,351
15,816
15,1035
15,352
15,882
16,321
15,850
15,639
15,628
15,602
15,598
15,593
15,591
15,825
15,813
15,809
15,807
15,802
15,798
15,796
15,792
15,787
15,528
15,526
15,525
15,531
15,763
15,761
15,754
16,196
16,194
16,119
16,201
16,100
15,533
16,130
15,581
16,329
15,830
15,821
15,768
16,129
15,880
16,114
15,633
15,580
15,829
15,827
15,784
15,776
15,772
15,895
15,884
15,520
15,518
15,517
15,534
15,513
15,755
15,752
15,747
15,765
15,740
15,746
15,739
15,735
15,732
15,734
10,52
10,31
16,118
16,115
16,109
16,106
16,93
16,90
16,82
16,78
16,70
16,199
16,102
16,80
16,73
16,66
16,339
16,18
16,51
16,50
16,21
16,337
15,875
15,775
16,11
16,54
16,24
16,14
16,56
15,1102
15,1101
10,21
10,16
10,8
10,30
15,873
16,65
15,874
15,725
16,374
16,332
16,324
15,695
15,234
15,652
15,204
15,1068
0,275
0,274
0,427
0,273
0,405
0,272
0,371
0,271
0,344
0,270
0,320
0,269
0,426
0,268
0,338
0,267
0,317
0,266
0,417
0,265
0,428
0,264
0,403
0,263
0,262
0,431
0,261
0,422
0,260
0,391
0,259
0,319
0,258
0,349
0,257
0,388
0,256
0,326
0,255
0,445
0,254
0,379
0,253
0,387
0,252
0,343
0,251
0,416
0,250
0,439
0,249
0,383
0,248
0,365
0,247
0,309
0,246
0,245
0,380
0,244
0,330
0,242
0,412
0,241
0,410
0,240
0,347
0,239
0,430
0,238
0,312
0,237
0,444
0,236
0,390
0,235
0,415
0,234
0,438
0,233
0,421
0,232
0,437
0,231
0,396
0,230
0,375
0,229
0,406
0,228
0,355
0,227
0,325
0,226
0,401
0,225
0,318
0,224
0,386
0,223
0,447
0,222
0,363
0,221
0,345
0,220
0,374
0,219
0,348
0,218
0,414
0,217
0,328
0,216
0,373
0,215
0,389
0,214
0,397
0,213
0,316
0,212
0,341
0,211
0,440
0,210
0,424
0,209
0,411
0,208
0,400
0,207
0,334
0,206
0,323
0,205
0,306
0,204
0,354
0,203
0,337
0,202
0,372
0,201
0,413
0,200
0,409
0,199
0,357
0,198
0,425
0,197
0,381
0,196
0,315
0,195
0,366
0,194
0,301
0,193
0,420
0,192
0,378
0,63
0,432
0,62
0,336
0,61
0,314
0,60
0,321
0,59
0,395
0,58
0,333
0,57
0,362
0,56
0,382
0,55
0,368
0,54
0,418
0,53
0,393
0,52
0,358
0,51
0,367
0,50
0,49
0,441
0,48
0,311
0,47
0,436
0,46
0,392
0,45
0,324
0,6
0,5
0,1
0,11
0,4
0,2
0,3
0,7
